SEG:-157.97411:21.70027:-157.97398:21.70033:<some segment attributes>:ClustID:74389219:
SEG:-157.97391:21.70085:-157.97367:21.70136:<some segment attributes>:ClustID:74389219:
SEG:-157.97107:21.70011:-157.97146:21.70038:<some segment attributes>:ClustID:74389220:
SEG:-157.97131:21.70027:-157.97161:21.70037:<some segment attributes>:ClustID:74389220:
